500
626 1 1
971 0 2
880 1 3
522 1 4
440 0 5
928 0 6
1067 1 7
786 1 8
710 0 9
762 1 10
558 1 11
737 0 12
646 0 13
561 0 14
876 1 15
1017 0 16
806 1 17
873 1 18
651 1 19
941 0 20
1075 0 21
792 1 22
685 1 23
794 1 24
1087 1 25
676 0 26
483 1 27
1110 1 28
615 1 29
548 0 30
576 0 31
898 0 32
688 1 33
589 1 34
596 1 35
809 1 36
856 1 37
805 0 38
678 1 39
1066 1 40
1026 0 41
918 1 42
717 1 43
1162 0 44
667 1 45
448 0 46
850 0 47
451 1 48
792 1 49
1005 0 50
877 0 51
682 0 52
444 1 53
855 0 54
871 0 55
1003 0 56
1158 1 57
938 0 58
498 0 59
642 0 60
986 1 61
512 0 62
463 1 63
963 0 64
841 1 65
648 0 66
852 0 67
1039 0 68
524 0 69
466 0 70
877 0 71
1115 1 72
1161 0 73
589 1 74
921 0 75
923 0 76
958 0 77
712 0 78
501 1 79
735 0 80
627 1 81
592 0 82
655 0 83
990 1 84
1010 0 85
769 0 86
986 0 87
844 1 88
999 1 89
1142 1 90
813 0 91
462 0 92
1072 1 93
1018 0 94
700 1 95
849 0 96
854 1 97
478 0 98
678 1 99
994 0 100
880 1 101
712 0 102
622 0 103
754 1 104
609 1 105
1075 1 106
464 0 107
809 0 108
849 1 109
1076 0 110
741 0 111
1162 0 112
797 0 113
1068 1 114
722 0 115
440 0 116
811 1 117
597 0 118
1073 1 119
827 1 120
994 0 121
598 1 122
863 1 123
1075 1 124
545 0 125
638 1 126
952 1 127
778 0 128
467 1 129
430 0 130
795 1 131
1126 0 132
631 0 133
422 0 134
784 1 135
473 0 136
1007 0 137
974 1 138
1063 0 139
1095 0 140
469 1 141
813 1 142
448 0 143
946 1 144
1083 0 145
754 0 146
1069 0 147
605 1 148
848 0 149
467 1 150
429 0 151
501 0 152
993 1 153
1050 0 154
1152 1 155
844 0 156
855 1 157
485 1 158
1161 1 159
687 1 160
953 0 161
633 1 162
469 0 163
1130 1 164
1054 0 165
643 1 166
851 0 167
1047 1 168
1097 0 169
563 0 170
472 1 171
557 0 172
562 0 173
447 0 174
545 1 175
1096 1 176
999 0 177
596 1 178
1014 0 179
783 0 180
906 0 181
657 1 182
470 0 183
1135 1 184
775 1 185
841 0 186
1073 1 187
715 0 188
533 0 189
1038 1 190
1123 0 191
511 1 192
829 0 193
423 1 194
751 0 195
631 0 196
881 0 197
676 1 198
1075 1 199
438 0 200
1004 1 201
887 1 202
759 0 203
455 1 204
1105 1 205
998 0 206
1044 1 207
934 0 208
1065 0 209
683 0 210
672 0 211
1016 0 212
460 0 213
1060 0 214
1080 0 215
1150 0 216
992 1 217
496 0 218
742 1 219
781 0 220
508 0 221
1050 0 222
477 0 223
512 0 224
1109 0 225
815 1 226
1047 0 227
876 1 228
525 0 229
794 0 230
460 1 231
1104 1 232
1039 0 233
1095 1 234
517 1 235
1105 1 236
442 1 237
642 1 238
678 0 239
606 1 240
438 1 241
1059 0 242
765 0 243
1008 0 244
851 0 245
906 0 246
463 1 247
685 1 248
796 1 249
904 1 250
495 1 251
628 0 252
742 0 253
1087 1 254
977 0 255
1006 0 256
860 0 257
860 1 258
573 0 259
923 1 260
574 1 261
649 1 262
1118 0 263
787 0 264
659 1 265
710 0 266
690 1 267
953 0 268
459 0 269
1083 0 270
884 1 271
652 0 272
440 1 273
516 1 274
781 1 275
614 1 276
1039 1 277
804 1 278
998 0 279
600 1 280
732 0 281
617 1 282
767 0 283
1051 0 284
1128 1 285
1103 0 286
630 0 287
1151 0 288
910 1 289
1098 0 290
793 1 291
456 1 292
919 1 293
463 1 294
971 0 295
924 1 296
474 0 297
995 1 298
1129 1 299
989 0 300
889 1 301
494 0 302
1108 1 303
668 1 304
951 1 305
1135 0 306
616 0 307
946 0 308
879 0 309
1069 1 310
720 0 311
994 1 312
908 0 313
526 0 314
878 1 315
509 1 316
1025 0 317
542 1 318
562 1 319
1069 1 320
1056 0 321
1057 1 322
1069 0 323
878 1 324
537 0 325
1138 0 326
977 1 327
727 1 328
836 0 329
1072 0 330
1062 1 331
934 0 332
1005 0 333
919 1 334
1139 0 335
765 0 336
1093 0 337
423 1 338
854 0 339
1098 1 340
551 0 341
728 0 342
661 0 343
662 0 344
445 0 345
954 1 346
435 1 347
656 1 348
878 1 349
453 1 350
773 1 351
653 0 352
990 1 353
1134 0 354
633 1 355
848 1 356
821 0 357
880 0 358
916 1 359
686 1 360
787 0 361
675 1 362
673 0 363
609 1 364
866 1 365
620 0 366
1082 1 367
922 0 368
957 1 369
726 1 370
526 1 371
862 0 372
692 1 373
964 1 374
554 0 375
1102 0 376
898 0 377
980 1 378
716 0 379
517 0 380
499 0 381
804 1 382
507 1 383
494 0 384
1063 0 385
758 1 386
743 1 387
957 1 388
510 1 389
697 0 390
600 1 391
917 1 392
609 1 393
936 0 394
482 0 395
1161 1 396
924 0 397
1052 1 398
923 1 399
1099 1 400
1062 1 401
870 0 402
855 0 403
1089 0 404
1148 0 405
719 1 406
848 1 407
512 0 408
952 1 409
888 1 410
423 0 411
687 1 412
907 0 413
469 1 414
994 0 415
449 0 416
642 1 417
905 0 418
1075 0 419
666 1 420
775 1 421
514 0 422
558 1 423
569 0 424
587 1 425
998 1 426
484 0 427
1119 0 428
582 0 429
598 0 430
707 0 431
994 0 432
672 0 433
925 1 434
839 1 435
1089 0 436
746 1 437
1159 0 438
466 1 439
536 0 440
949 0 441
726 0 442
718 0 443
605 0 444
895 0 445
878 1 446
1084 1 447
498 0 448
1160 1 449
1043 1 450
1134 1 451
1112 1 452
591 1 453
797 0 454
1004 1 455
422 0 456
510 1 457
846 0 458
872 1 459
767 0 460
896 0 461
895 1 462
602 0 463
861 0 464
912 1 465
995 0 466
571 1 467
452 1 468
533 0 469
722 1 470
559 0 471
531 0 472
653 0 473
469 0 474
1000 1 475
475 1 476
1025 0 477
960 1 478
585 0 479
1030 0 480
921 1 481
727 0 482
892 1 483
1053 0 484
911 1 485
1014 0 486
810 1 487
1021 0 488
1028 0 489
781 1 490
887 0 491
1141 1 492
943 0 493
603 1 494
738 0 495
971 0 496
697 0 497
1165 1 498
722 0 499
1165 0 500